{
    "TP-base": 178,
    "TP-call": 165,
    "FP": 9,
    "FN": 39,
    "precision": 0.9482758620689655,
    "recall": 0.8202764976958525,
    "f1": 0.8796441888674245,
    "base cnt": 217,
    "call cnt": 187,
    "TP-call_TP-gt": 117,
    "TP-call_FP-gt": 48,
    "TP-base_TP-gt": 121,
    "TP-base_FP-gt": 57,
    "gt_concordance": 0.7090909090909091
}