{
    "TP-base": 9469,
    "TP-call": 9530,
    "FP": 496,
    "FN": 172,
    "precision": 0.9505286255735089,
    "recall": 0.9821595270200186,
    "f1": 0.966085236316559,
    "base cnt": 9641,
    "call cnt": 9965,
    "TP-call_TP-gt": 8919,
    "TP-call_FP-gt": 611,
    "TP-base_TP-gt": 8889,
    "TP-base_FP-gt": 580,
    "gt_concordance": 0.9358866736621196
}