{
    "TP-base": 200,
    "TP-call": 186,
    "FP": 1,
    "FN": 4,
    "precision": 0.9946524064171123,
    "recall": 0.9803921568627451,
    "f1": 0.987470800594606,
    "base cnt": 204,
    "call cnt": 201,
    "TP-call_TP-gt": 125,
    "TP-call_FP-gt": 61,
    "TP-base_TP-gt": 128,
    "TP-base_FP-gt": 72,
    "gt_concordance": 0.6720430107526881
}